m=500;
b=0.05;
k=0.1;